   2.0000000e+00  -1.1112356e+00   7.2271109e-01   3.0278179e-01  -8.5071895e-01  -5.3271166e-01   1.6516043e+00   5.6934722e-01   6.1665173e-01  -9.0102081e-01   3.2589021e-01
   1.0000000e+00   1.4095215e+00  -3.1351070e-01   8.9175599e-02  -1.0453371e+00   1.3647435e-01   3.0166430e-01   1.5155190e-01   1.1161441e+00  -2.0033286e+00  -9.5827427e-01
   1.0000000e+00   2.3068407e-02  -3.0046027e-01  -1.1973872e-01  -5.8091927e-01   1.8880941e-01   1.9639561e+00   1.6488398e+00  -2.5941659e-01  -1.3287777e-01  -1.0773573e+00
   1.0000000e+00   5.8430831e-01   1.3396324e+00   6.9055631e-01  -1.7951297e+00   3.4528570e-02  -1.5834907e-01  -4.7739349e-01  -1.5891422e+00   2.3373951e-01   2.5655378e-01
   2.0000000e+00  -9.4565018e-01  -1.6056669e-01   6.0089252e-01   5.4874064e-01   1.3800251e+00   9.7230331e-01   1.8596176e+00  -1.6231084e-01  -2.6692647e-01  -6.2084127e-01
   2.0000000e+00   1.1294923e-01   1.0699070e+00  -1.0917034e-01   1.0774052e+00  -1.8797491e-01  -1.6910610e+00  -1.0325195e+00  -8.0035842e-01   3.1359778e-02  -7.0932117e-01
   1.0000000e+00  -6.9088466e-01   4.3371392e-01   5.2002047e-01   7.2994533e-01   2.4425657e-02  -1.5386655e+00   2.8198183e+00   4.5484557e-01  -2.1967371e+00   1.9227855e+00
   2.0000000e+00  -7.9355830e-01   1.4768971e-01   1.8360922e+00   9.0794384e-01   2.7702347e-01  -3.5986986e-01  -1.3578454e+00   2.5174811e+00  -1.1259052e+00   2.4613639e+00
   2.0000000e+00  -1.4404481e-01  -4.3627374e-01  -2.0135565e+00   1.8730842e+00  -2.1341086e+00   7.0321438e-01  -4.9096938e-01   6.4933042e-01  -5.4535390e-01  -1.8261983e+00
   2.0000000e+00  -1.1019869e+00  -4.8925110e-01   8.1260815e-01   1.5873598e+00  -3.8340953e-01   2.2845010e-01  -6.0440059e-02   1.0309036e+00  -9.8583868e-01   1.3083866e+00
   2.0000000e+00  -4.6104884e-01  -5.8702225e-01   4.1260601e-01   3.1547769e-01  -9.2410633e-01  -2.6690857e+00  -6.8778633e-03   1.0498108e+00   1.1870708e-01  -8.4962576e-01
   2.0000000e+00  -1.2509781e+00   2.3465362e-01  -8.9702275e-01   1.7469004e+00   1.0736720e+00  -1.8136009e-01   3.7641352e-01   7.5510414e-01   1.0679050e+00  -6.9702623e-01
   2.0000000e+00  -5.7062836e-01  -1.6579296e+00  -6.4577224e-02   4.7359732e-01  -1.5521453e+00  -1.2525904e+00  -1.1791997e+00  -9.8997669e-01  -1.1329816e-01   6.6740837e-01
   2.0000000e+00   7.4770516e-01  -3.6672936e-02   1.3598561e+00   1.5752777e-01   1.2788830e+00   1.0748458e+00  -6.1812862e-01  -8.1517554e-02   1.4101107e-02  -4.9024497e-01
   2.0000000e+00  -1.9756843e-01   3.7254005e-01  -5.1132706e-01  -1.5330215e+00   1.2262042e+00   7.1551755e-01  -1.4201798e+00  -2.0460037e-01   2.8253012e-01   7.3484455e-01
   2.0000000e+00  -2.3387305e-01   3.7346379e-01  -2.9808789e+00  -1.1958540e-01   5.8327051e-01  -2.1782020e+00   1.3260964e+00  -2.1325234e-01  -1.0168374e+00  -1.0345329e+00
   2.0000000e+00  -7.2855316e-01   2.0650856e+00   3.8692633e-01   1.1418642e+00   1.6273838e+00  -3.4267049e-01  -1.3262532e+00   1.5680954e+00  -1.1720440e-01  -8.8668312e-01
   1.0000000e+00   9.8285627e-01  -1.3255063e+00   1.9995918e-01   5.6571986e-01   2.4592283e-01  -1.3500195e+00  -1.0638913e+00  -6.6172795e-01   6.2825288e-02   3.2089882e-01
   2.0000000e+00   4.5912909e-01  -1.2432947e+00  -1.2697400e-01  -1.8324220e-01  -2.2014051e+00  -1.8609621e-01  -2.9024364e-01   5.0497592e-01  -1.1227361e+00   7.1062892e-01
   2.0000000e+00  -6.4770284e-01   9.3492742e-01   7.9347551e-02  -2.7290631e-01  -6.7395573e-02  -1.8964703e+00  -2.4328322e-01  -7.0033665e-01   1.4822888e+00  -7.0237502e-02
   1.0000000e+00  -1.0344812e+00  -6.0380541e-01   4.0763294e-01  -5.0338390e-01   1.3600990e-01  -1.1470206e+00  -1.4147933e+00  -4.9117678e-01  -1.2568589e+00  -6.8510764e-01
   2.0000000e+00   1.5682914e-01   1.2832968e+00   1.5282630e-01  -8.7665692e-01   9.1396969e-01   1.9554396e+00   1.4376629e+00   7.7463945e-01   1.3727885e+00   4.2431922e-01
   2.0000000e+00  -4.3876666e-01  -3.3452539e-01   2.6972016e-01  -3.1869016e-01  -8.8809787e-01  -1.4065692e+00  -1.0448325e+00  -8.9090382e-01   9.5871565e-01  -1.6673925e-01
   2.0000000e+00  -7.8685067e-02  -4.5315033e-01   1.3667424e+00   1.9945925e-01   9.0281720e-01  -7.2288455e-01   1.0175663e-01   1.8403421e+00   1.8164209e+00  -1.5482041e-03
   2.0000000e+00   3.3420878e-01   1.2949218e-01  -1.2284439e+00  -2.9271605e-01  -4.7936795e-01  -7.9322937e-01  -7.3892577e-01  -1.3746213e+00   6.5562041e-01   1.1624966e+00
   2.0000000e+00  -1.6777083e-01   7.7629104e-01  -7.6278614e-01   4.9140936e-01  -4.8276547e-01  -2.3035356e-01  -6.2960869e-01  -8.2061396e-01   8.9274517e-01   7.4745418e-01
   2.0000000e+00   1.2925996e-01  -4.0453686e-01   1.7581521e+00  -8.0690582e-01   6.6259326e-02   3.0568016e-01   2.1709249e+00   1.8720908e-01   4.2405970e-01   7.1568400e-01
   1.0000000e+00  -5.0440575e-01  -1.0796676e-01  -2.8012744e-01   1.1710831e-01   5.7799129e-01  -1.2573700e-01   6.6911252e-01   1.3284095e+00   5.7024665e-01  -2.4481045e+00
   2.0000000e+00   3.3273677e-01  -1.0842443e+00   4.6944184e-01  -2.8148811e-01  -5.9526005e-01  -5.7388788e-02  -1.0839114e-02  -1.0725551e-01  -1.5881924e+00   7.8757741e-01
   2.0000000e+00   1.7352305e+00   5.1752531e-01  -1.0456124e+00  -6.4335103e-01   1.0904517e+00  -2.6644552e-01   1.3366505e+00   1.4110358e+00   6.8659651e-01   2.3772871e-01
   2.0000000e+00   8.8383228e-01  -8.8134664e-01   1.0106093e-01  -1.3470030e-01  -1.4884795e-02   5.0051423e-01  -2.0687551e-01   8.8137801e-01  -4.6289135e-01   6.1091926e-01
   2.0000000e+00   1.2088882e+00  -1.5124021e+00   1.5623093e+00  -4.7347920e-01  -4.3094557e-02   3.9754193e-03   3.8387447e-01  -7.6745772e-01  -4.1276860e-02  -2.4949156e-01
   2.0000000e+00   7.5178903e-01   9.6574027e-01  -4.4227565e-01  -2.0638898e+00  -1.1081750e+00  -1.8838553e+00   2.0124837e-01  -3.3441585e-01   5.0543702e-01  -4.8511363e-01
   2.0000000e+00  -7.9359740e-01   9.8524824e-02   1.5665819e-01  -4.9357221e-02   1.1961860e+00   2.9239066e+00   3.4322068e-01  -1.4422887e-01  -7.3544789e-01  -2.0349094e+00
   2.0000000e+00   9.4459653e-01  -3.4752473e-01   1.0788674e+00   9.5374201e-01   7.7473622e-01   8.0127812e-02  -8.2824711e-01  -2.9250558e-02  -1.3660353e-01   1.2039464e-01
   2.0000000e+00  -1.6345185e-01  -3.6277485e-01  -9.8864344e-01  -8.0667813e-01   3.5595757e-01   5.6587517e-01  -2.6676314e-01  -5.4371641e-01  -4.9869670e-01   6.8703753e-01
   2.0000000e+00  -1.6174972e-01  -6.9081437e-01  -8.7257438e-01  -4.3803833e-02  -7.4691439e-01   8.9889373e-01   1.2472444e-02   1.2297009e+00  -8.7155667e-01  -4.9895230e-01
   2.0000000e+00   1.3818223e-01   1.0552612e+00   1.0900638e+00  -2.5720667e-01  -1.0481215e+00  -1.2476889e-02   6.2600462e-01  -1.6001332e+00  -8.3336012e-01   1.8165044e+00
   2.0000000e+00  -2.6489568e-01   7.3309425e-01   1.3220762e+00  -3.8377274e-01   2.9739644e-01   9.6949353e-01  -7.4734244e-01  -1.7767929e+00   9.5641971e-01  -2.5561147e+00
   2.0000000e+00  -1.4144618e+00   2.8075282e-01   1.4261047e+00   4.6842994e-03   5.4082660e-01   2.1696759e+00   1.0009932e+00   9.9500707e-01  -1.9452629e+00  -3.4403482e-01
   2.0000000e+00  -1.5033489e+00  -4.7447238e-01   9.5212929e-01  -1.3676781e+00  -1.1940766e+00   2.3063222e-01  -3.0810040e-01   1.2206549e+00  -2.3920363e+00   6.4574332e-03
   2.0000000e+00  -4.0318417e-01   1.1922504e+00   4.4581883e-01  -1.7162517e-01  -1.7242874e+00   3.8270548e-01  -1.8733202e+00   3.2068595e-01  -1.0121927e+00  -1.3376874e+00
   2.0000000e+00   1.3719816e-01  -6.2391898e-01   2.6705948e-01  -6.9929323e-02  -5.2072653e-01   1.0524112e+00  -8.2311694e-02  -1.1634315e+00   4.6452304e-01   4.6525356e-01
   2.0000000e+00   1.9645751e-01   3.9982520e-01  -2.8919228e-01   7.3163538e-02  -6.2406552e-01  -4.4591855e-01   7.2350835e-01   5.9963648e-01  -1.1365620e+00  -5.4455012e-01
   1.0000000e+00   3.0694930e-01  -1.0112329e+00  -4.9815079e-01  -3.7924048e-01   4.1840314e-01   1.1355862e+00  -8.1746076e-01  -1.0564395e+00  -8.9419182e-01   2.6679299e+00
   2.0000000e+00  -3.2649624e-01  -4.0967229e-01  -1.8839143e+00  -2.8798316e+00  -5.8455752e-01   2.7605856e-01   1.7271852e+00  -2.8721166e-01  -1.2152886e-01  -7.2153951e-02
   2.0000000e+00  -5.7239575e-01  -4.6848223e-01  -9.1387220e-01  -1.0250699e+00  -5.8834488e-01   1.0449255e-01  -3.4716388e-01  -9.2133258e-01   8.0646106e-01  -3.9463649e-01
   1.0000000e+00   7.8490550e-01   7.2834600e-01   1.5634670e-01  -1.1437237e+00   6.4621239e-01   1.4543821e+00   5.6067859e-01  -1.6817153e+00   3.5292703e-01  -7.7759477e-01
   1.0000000e+00   3.8484910e-01   2.2884974e-01  -2.6521396e-01  -6.0790879e-01   4.5937788e-01   7.3088551e-02  -1.0982048e+00   7.0555482e-01  -2.8838504e-01  -1.1963698e+00
   2.0000000e+00  -2.6131391e-01  -2.5450414e-01   4.3986651e-01  -1.4112167e+00  -5.8975545e-01  -1.0036294e+00  -3.4265652e-01   1.3404300e+00   2.0038840e+00  -6.5627049e-01
   1.0000000e+00  -4.8470953e-01  -6.5203711e-01   3.0057187e-01  -1.4639254e-02   5.9215924e-01  -6.2199159e-01  -4.6953094e-01  -2.4795877e-01  -5.4014764e-02  -4.5551292e-01
   2.0000000e+00   1.1426148e+00  -6.5320177e-01  -1.2805538e+00   1.7830685e+00  -5.5362280e-01   5.6885322e-01   6.5963574e-01   5.6119906e-01   2.5299836e+00  -2.9614764e-01
   1.0000000e+00  -1.8633960e+00   5.2658009e-01  -1.0945323e-02  -4.0474817e-01   5.9123621e-01  -1.0211250e+00  -1.9760593e+00   1.9218977e+00   8.4420886e-01  -1.0381441e+00
   2.0000000e+00  -8.0940649e-01  -1.0317079e+00  -7.0521514e-01  -2.4365023e+00  -9.3876115e-01  -4.7410253e-01   1.3332662e+00   9.1772604e-01  -9.4216387e-01   1.0706127e+00
   2.0000000e+00   1.1827140e+00  -1.7512904e+00   1.8115768e+00   9.3209986e-01   1.1633320e+00  -1.5426608e+00  -9.0749292e-01   2.8388329e-01  -8.0713017e-01   5.3125046e-01
   2.0000000e+00  -5.7108993e-01  -6.9255575e-01  -8.3980391e-01   6.3711521e-01   7.8613835e-01  -2.1449347e+00  -1.3748100e+00   2.0796670e+00  -1.0242513e+00   5.2583525e-02
   1.0000000e+00  -4.5222003e-01   1.7815218e+00  -1.4520691e-01  -1.6663942e+00   1.6653381e-01  -5.8613916e-01   5.2877202e-02   4.4815782e-01  -6.8085951e-01   1.7175138e+00
   2.0000000e+00   8.3002076e-01   1.3137788e+00   6.1360353e-01  -9.1964593e-01  -4.9740908e-01   1.4154738e-01   1.4877535e+00   8.8433250e-01  -1.2122740e+00  -3.7231427e-01
   2.0000000e+00  -8.2199933e-02   8.2239997e-01   1.8760301e+00   2.1978449e-01  -2.1219584e-01   2.8346293e-01   7.0534602e-01  -5.7761238e-01   1.2567589e+00  -3.6132248e-02
   2.0000000e+00   7.4477208e-01  -3.3751159e-01  -2.4058635e-02  -8.5542287e-01  -3.4781866e-03   8.0362573e-01  -2.3968981e+00   2.5395429e-01  -2.1211890e-01  -9.6823299e-01
   2.0000000e+00   1.2253319e+00  -1.1839714e-01   5.2691039e-01   1.5944041e+00  -9.2209167e-01   2.0169719e+00  -7.8696708e-02  -4.1300042e-01   9.3337607e-01   6.5212431e-01
   2.0000000e+00  -1.4114085e-01  -1.9282243e-01  -6.8258333e-02   8.9695216e-01  -1.8112865e+00   7.5400778e-01  -1.6560362e+00  -7.0931623e-01   5.3362196e-01   2.3224920e+00
   2.0000000e+00   8.2253175e-01   9.7930233e-01  -4.8973551e-01  -1.3126570e+00   8.0527126e-01   1.6745776e+00   1.4397660e+00  -1.5409121e-01   6.5803217e-02   1.0372548e+00
   1.0000000e+00  -1.9481168e+00  -7.5978331e-01  -5.6092462e-01  -5.6621449e-01   1.3615411e-01   7.3163002e-01  -9.7146470e-01   7.5127456e-01   9.8615227e-01  -5.2706226e-01
   2.0000000e+00  -2.4090113e-01   2.3691605e-01  -1.1772993e+00  -1.0963303e+00  -3.3376203e-01  -1.0827241e+00   2.9454269e-01   6.0684769e-02   1.0838717e-01  -5.5851738e-01
   2.0000000e+00  -1.5855371e+00   1.9641313e+00   7.1101513e-01  -9.9484346e-01  -8.4660785e-01  -5.3790988e-01   1.1605588e+00   5.0284977e-01   8.5912519e-01   1.2865807e-01
   2.0000000e+00  -2.5761181e-01  -6.5624057e-01   5.5849927e-01   3.7685225e-01   1.3058780e+00  -4.5557656e-01   1.3943652e+00   5.0946580e-02   1.4001855e+00   1.1543823e+00
   2.0000000e+00  -3.7035617e-01   5.1505270e-01  -3.9163738e-01   1.8701085e+00  -8.3530297e-01  -6.0279568e-01  -3.6867968e-01  -9.2695631e-02  -2.1633415e+00  -7.8165210e-01
   2.0000000e+00   2.6104199e-01  -1.2269309e+00  -5.8750939e-01  -1.1691942e-02  -6.9152077e-02  -3.3497669e-01  -9.3259746e-01  -1.5531772e+00  -8.1901090e-01  -1.2263064e-01
   2.0000000e+00  -1.3406328e-01   5.8348786e-01   1.5391181e+00   2.2450418e-01  -6.7085452e-01  -2.5476509e-01   2.3829353e-01   1.1092508e+00   8.3103721e-01  -7.0704203e-02
   1.0000000e+00   6.8714673e-01   6.7373901e-01  -1.4848132e-02   1.7366297e-01   3.0458220e-01  -1.1832842e+00  -1.0076521e+00   3.9900064e-01   1.1100632e-01   1.1508087e-01
   2.0000000e+00  -1.2354228e+00   9.7693096e-01   8.9097744e-01   7.1205359e-01  -1.4308471e-01  -2.3816238e-01  -1.1595935e+00   6.2889406e-01  -5.6646240e-01  -1.2219917e-01
   1.0000000e+00  -1.5912108e+00   7.3105446e-01  -2.8397391e-02   2.0690105e+00   4.8475922e-01   5.8925167e-01  -5.0890841e-01   1.0676451e+00  -3.3304429e-01  -1.1031532e+00
   2.0000000e+00   7.7178068e-02   9.8031649e-01  -3.0271663e-01  -2.2652121e-01  -1.5923582e-01   7.3442351e-01   9.8953168e-02  -2.2625024e+00  -6.2432590e-01   4.8305976e-01
   1.0000000e+00   1.4591306e+00  -8.4683226e-01  -5.0465885e-01   1.9373198e+00   2.2127956e-02  -6.1358118e-01   1.3260044e+00  -1.1099317e+00   5.8906530e-01   1.4184664e+00
   2.0000000e+00   2.9701208e-01   9.2442020e-01  -7.4006620e-01  -8.6989067e-01  -9.5289282e-01   2.8990228e-01   1.0596897e+00   5.6481202e-01   2.6430641e-01  -1.5111675e+00
   1.0000000e+00   5.7443437e-01  -1.0397661e+00  -4.3334997e-02  -1.0135542e+00   2.4426897e-01   2.7136311e-01  -9.5509972e-01   1.2287521e+00   2.0790841e-01   1.1086450e+00
   2.0000000e+00  -8.3011164e-01  -1.6292615e+00  -8.6077533e-01  -1.0085134e+00   1.4259149e+00  -1.8131322e+00   2.1939402e+00  -1.5288372e-01  -2.0117411e-01  -8.5640861e-01
   2.0000000e+00   1.4005909e+00   3.4051186e-01   2.3285882e-01   1.5098810e+00   2.1087132e+00   3.2462149e-01   4.6281994e-01   7.8479481e-01   7.9820551e-01   5.7229022e-01
   2.0000000e+00   1.2869475e+00  -1.6432762e+00   1.3647407e+00  -2.4585166e-01  -9.9706133e-01  -1.0047094e+00  -5.1965839e-01  -5.0150002e-01   1.1369637e+00   8.2718429e-01
   2.0000000e+00   8.1063147e-01   3.1577245e-01  -6.2161244e-02  -1.0220062e+00  -8.7171199e-02  -6.0732349e-01   3.7842019e-02  -9.1605255e-01   2.5834352e-02   7.7643145e-01
   2.0000000e+00  -1.5897511e-01  -1.4455825e+00  -1.1860831e+00   1.9542140e-01  -9.3648945e-01   1.3703770e-02   7.3243827e-01  -9.6902987e-01  -1.1138139e+00   1.3686421e+00
   2.0000000e+00  -2.1383809e-01   4.1471990e-01  -1.5038153e+00  -5.7020306e-01   1.1410898e+00  -9.0427545e-02   2.3235585e-01  -3.0629837e+00   4.2529033e-02   6.1677432e-01
   2.0000000e+00   2.5476201e-01  -9.0011299e-01  -1.0163540e-01   2.1608977e-01  -4.8688036e-02   1.4967611e-01  -1.4296196e+00   5.1088528e-02   9.3604528e-01   3.4936983e-01
   2.0000000e+00   1.5817963e+00  -1.7064323e-01   1.5787512e+00  -5.6463205e-01   8.2010198e-01  -2.4251369e-01  -3.4539240e-01  -2.0065279e-01  -1.1352003e+00   1.1670214e+00
   2.0000000e+00  -1.4049713e+00   1.2644326e+00   1.3597897e+00  -2.6279842e-01   2.6886029e-01   5.6674257e-01   7.8397478e-01   4.2158946e-01   2.3159973e-01   2.8354418e-01
   2.0000000e+00   7.2137433e-01  -1.0509575e+00  -1.7157038e+00  -4.8334430e-01   6.1956621e-01  -5.6105351e-01  -5.1459769e-01   5.1528544e-01  -7.3401407e-01  -1.1352398e+00
   2.0000000e+00   2.1952575e+00  -5.6867302e-01  -1.2377310e+00  -3.6866379e-01   2.1672503e-01   2.0316403e-01   1.1367534e-01   2.2395258e-01   2.7653353e-01   5.3675060e-01
   1.0000000e+00  -5.6108722e-01  -1.2582662e-02  -1.3339184e-02   9.3957964e-01   3.5348951e-01   1.0088443e+00   8.9353018e-01  -5.4281925e-01  -1.2116932e+00  -1.3607756e+00
   2.0000000e+00   4.6950412e-02  -3.4383166e-01   7.2091072e-01  -1.1756485e+00   1.2568390e+00  -1.9219902e-01  -1.2574541e+00   1.1190618e+00   6.0330311e-02  -1.1494108e+00
   2.0000000e+00   2.3276317e+00  -2.3601685e-01  -5.5922318e-01  -9.5060613e-01   3.9892490e-02  -1.3411140e+00   1.1673729e+00   1.0377357e+00  -1.6422230e+00  -3.2112847e-01
   1.0000000e+00   8.3463452e-01   6.6563861e-01   3.8732749e-01  -7.1430972e-01   7.8570666e-01   6.7586995e-01   1.3329371e+00  -8.0154008e-01  -3.0183056e-01   1.1798781e+00
   2.0000000e+00  -8.9275910e-01   2.8405506e-01  -8.3859033e-01   9.3828401e-01   1.3560435e+00  -2.5877993e-01   2.5789622e-01  -1.6361405e+00   2.1392350e-01   1.1565662e+00
   2.0000000e+00   5.5563969e-01  -5.4124434e-01   3.4757771e-01  -1.2612830e-01   1.6194542e+00   5.5012178e-01   1.1846797e+00   4.3654706e-01   1.2328669e+00  -1.7214694e+00
   2.0000000e+00   9.2707366e-02  -1.9797638e+00   1.1769516e-01  -6.8912034e-01  -4.4521492e-01   8.4306422e-01   3.0891705e-01  -9.8333862e-01  -1.1382885e+00   2.0916377e+00
   2.0000000e+00   5.7380499e-01   6.2290030e-01   2.3731863e+00   3.1222937e-01   7.2290417e-01   8.3251484e-01  -1.4566299e+00  -3.7272758e-01  -1.5272663e+00   1.7185728e-01
   2.0000000e+00   8.6205396e-01  -2.6402208e-01  -1.0612295e+00  -5.1765581e-02  -4.4743874e-01   1.0493461e+00   1.1219335e+00   9.1655870e-02  -1.4199843e+00  -9.6264079e-03
   2.0000000e+00   6.9765324e-02  -2.1062855e-01  -7.2742371e-01  -8.6205521e-01  -6.3808504e-01  -4.2482330e-01  -2.9562193e-01   3.6120886e-02   1.0316897e+00   1.0756793e+00
   2.0000000e+00  -2.2222897e-02   1.6406496e+00   1.7370877e-02  -1.5688204e+00  -1.8777780e+00  -1.0103978e+00  -3.5388446e-02  -1.0620194e+00   6.5764270e-01   7.6531594e-01
   2.0000000e+00  -2.5107619e-01   6.1920105e-01   1.2512901e+00   5.8361003e-01   2.9842361e-02   1.2242243e+00  -9.1016313e-01   6.4796343e-01   2.0575330e-01   1.9996795e+00
